#name zcmb zhel dz mb dmb x1 dx1 color dcolor 3rdvar d3rdvar cov_m_s cov_m_c cov_s_c set ra dec biascor 
0 0.015 0.015 0.0 14.7140324398 999.0 0 0 0 0 0 0 0 0 0 0 0 0
1 0.0252 0.0252 0.0 15.8572414153 999.0 0 0 0 0 0 0 0 0 0 0 0 0
2 0.0362 0.0362 0.0 16.6614743616 999.0 0 0 0 0 0 0 0 0 0 0 0 0
3 0.0478 0.0478 0.0 17.2834243539 999.0 0 0 0 0 0 0 0 0 0 0 0 0
4 0.0603 0.0603 0.0 17.8073066277 999.0 0 0 0 0 0 0 0 0 0 0 0 0
5 0.0772 0.0772 0.0 18.6865831632 0.1054 0 0 0 0 0 0 0 0 0 0 0 0
6 0.0887 0.0887 0.0 18.6869201203 999.0 0 0 0 0 0 0 0 0 0 0 0 0
7 0.1041 0.1041 0.0 19.1113413506 0.1293 0 0 0 0 0 0 0 0 0 0 0 0
8 0.1222 0.1222 0.0 19.4333221018 999.0 0 0 0 0 0 0 0 0 0 0 0 0
9 0.145 0.145 0.0 19.8820592285 0.04115 0 0 0 0 0 0 0 0 0 0 0 0
10 0.1636 0.1636 0.0 19.9175272362 0.0702 0 0 0 0 0 0 0 0 0 0 0 0
11 0.1875 0.1875 0.0 20.5046645278 0.033 0 0 0 0 0 0 0 0 0 0 0 0
12 0.2146 0.2146 0.0 20.7638237174 0.03305 0 0 0 0 0 0 0 0 0 0 0 0
13 0.2411 0.2411 0.0 21.0523924052 0.0245 0 0 0 0 0 0 0 0 0 0 0 0
14 0.286 0.286 0.0 21.4724357566 0.03055 0 0 0 0 0 0 0 0 0 0 0 0
15 0.3256 0.3256 0.0 21.8347362372 0.0175 0 0 0 0 0 0 0 0 0 0 0 0
16 0.3832 0.3832 0.0 22.2396947899 0.02525 0 0 0 0 0 0 0 0 0 0 0 0
17 0.4507 0.4507 0.0 22.6325832873 0.02375 0 0 0 0 0 0 0 0 0 0 0 0
18 0.5535 0.5535 0.0 23.1556404572 0.0278 0 0 0 0 0 0 0 0 0 0 0 0
19 0.7026 0.7026 0.0 23.8019590706 0.02995 0 0 0 0 0 0 0 0 0 0 0 0
